SOL 101
CEND
TITLE = SAP2000 Problem 2-001-thick
ECHO = BOTH
SPC = 1
GPSTRESS=ALL
STRFIELD=ALL
SUBCASE 1
  LABEL = LC1_MEMBRANE
  LOAD = 1
  DISPLACEMENT = ALL
  STRESS(CENTER,CORNER) = ALL
  FORCES(CENTER,CORNER)= ALL
SUBCASE 2
  LABEL = LC2_BENDING
  LOAD = 2
  DISPLACEMENT = ALL
  FORCES(CENTER,CORNER)= ALL
  STRESS(CENTER,CORNER) = ALL
OUTPUT(POST)
SET 1 = 1,2,3,4,5
SET 2 = 11,12,13,14,15
SET 3 = 21,22,23,24,25
SET 4 = 31,32,33,34,35,36,37,38,39,40
SET 5 = 41,42,43,44,45,46,47,48,49,50
SET 6 = 51,52,53,54,55,56,57,58,59,60

SURFACE 100 SET 1 NORMAL Z
SURFACE 200 SET 2 NORMAL Z
SURFACE 300 SET 3 NORMAL Z
SURFACE 400 SET 4 NORMAL Z
SURFACE 500 SET 5 NORMAL Z
SURFACE 600 SET 6 NORMAL Z

BEGIN BULK
PARAM,BAILOUT,-1
MAT1,1,1.0E6,,0.25
PSHELL,1,1,0.001,1,,1


$LINEAR1
GRID,1,,0.,0.,0.
GRID,2,,0.,0.12,0.
GRID,3,,0.04,0.02,0.
GRID,4,,0.08,0.08,0.
GRID,5,,0.18,0.03,0.
GRID,6,,0.16,0.08,0.
GRID,7,,0.24,0.,0.
GRID,8,,0.24,0.12,0.

$LINEAR2
GRID,401,,0.,1.0
GRID,402,,0.,1.12,0.
GRID,407,,0.24,1.,0.
GRID,408,,0.24,1.12,0.
GRID,409,,0.,1.06,0.
GRID,410,,0.12,1.12,0.
GRID,411,,0.24,1.06,0.
GRID,412,,0.12,1.,0.
GRID,413,,0.17,1.055,0.
GRID,414,,0.06,1.05,0.


$QUADRATIC1
GRID,501,,0.,2.,0.
GRID,502,,0.,2.12,0.
GRID,503,,0.04,2.02,0.
GRID,504,,0.08,2.08,0.
GRID,505,,0.18,2.03,0.
GRID,506,,0.16,2.08,0.
GRID,507,,0.24,2.,0.
GRID,508,,0.24,2.12,0.
GRID,509,,0.,2.06,0.
GRID,510,,0.12,2.12,0.
GRID,511,,0.24,2.06,0.
GRID,512,,0.12,2.,0.
GRID,513,,0.17,2.055,0.
GRID,514,,0.06,2.05,0.
GRID,515,,0.02,2.01,0.
GRID,516,,0.04,2.1,0.
GRID,517,,0.2,2.1,0.
GRID,518,,0.21,2.015,0.
GRID,519,,0.11,2.025,0.
GRID,520,,0.12,2.08,0.

$LINEAR1_T
GRID,101,,1.,0.,0.
GRID,102,,1.,0.12,0.
GRID,103,,1.04,0.02,0.
GRID,104,,1.08,0.08,0.
GRID,105,,1.18,0.03,0.
GRID,106,,1.16,0.08,0.
GRID,107,,1.24,0.,0.
GRID,108,,1.24,0.12,0.

$LINEAR2_T
GRID,201,,1.,1.0
GRID,202,,1.,1.12,0.
GRID,207,,1.24,1.,0.
GRID,208,,1.24,1.12,0.
GRID,209,,1.,1.06,0.
GRID,210,,1.12,1.12,0.
GRID,211,,1.24,1.06,0.
GRID,212,,1.12,1.,0.
GRID,213,,1.17,1.055,0.
GRID,214,,1.06,1.05,0.


$QUADRATIC1_T
GRID,301,,1.,2.,0.
GRID,302,,1.,2.12,0.
GRID,303,,1.04,2.02,0.
GRID,304,,1.08,2.08,0.
GRID,305,,1.18,2.03,0.
GRID,306,,1.16,2.08,0.
GRID,307,,1.24,2.,0.
GRID,308,,1.24,2.12,0.
GRID,309,,1.,2.06,0.
GRID,310,,1.12,2.12,0.
GRID,311,,1.24,2.06,0.
GRID,312,,1.12,2.,0.
GRID,313,,1.17,2.055,0.
GRID,314,,1.06,2.05,0.
GRID,315,,1.02,2.01,0.
GRID,316,,1.04,2.1,0.
GRID,317,,1.2,2.1,0.
GRID,318,,1.21,2.015,0.
GRID,319,,1.11,2.025,0.
GRID,320,,1.12,2.08,0.

GRID,321,,1.02,2.07,0.
GRID,322,,1.08,2.1,0.
GRID,323,,1.21,2.075,0.
GRID,324,,1.14,2.01,0.
GRID,325,,1.13,2.055,0.

PARAM,QUAD4TYP,DKMQ20

$LINEAR1
CQUAD4,1,1,1,2,4,3
CQUAD4,2,1,7,1,3,5
CQUAD4,3,1,4,6,5,3
CQUAD4,4,1,2,8,6,4
CQUAD4,5,1,8,7,5,6

$LINEAR2
CQUAD4,11,1,401,409,414,412
CQUAD4,12,1,409,402,410,414
CQUAD4,13,1,412,414,410,413
CQUAD4,14,1,413,410,408,411
CQUAD4,15,1,412,413,411,407


PARAM,QUAD8TYP,ANS8BDG6

$QUADRATIC1
CQUAD8,21,1,501,502,504,503,509,516
,514,515
CQUAD8,22,1,507,501,503,505,512,515
,519,518
CQUAD8,23,1,504,506,505,503,520,513
,519,514
CQUAD8,24,1,502,508,506,504,510,517
,520,516
CQUAD8,25,1,508,507,505,506,511,518
,513,517

PARAM,TRIA3TYP,MITC3+


$LINEAR1_T
CTRIA3,31,1,103,102,104
CTRIA3,32,1,103,105,107
CTRIA3,33,1,104,106,105
CTRIA3,34,1,106,102,108
CTRIA3,35,1,105,106,108
CTRIA3,36,1,101,102,103
CTRIA3,37,1,104,102,106
CTRIA3,38,1,105,108,107
CTRIA3,39,1,101,103,107
CTRIA3,40,1,103,104,105

$LINEAR2_T
CTRIA3,41,1,209,202,214
CTRIA3,42,1,201,214,212
CTRIA3,43,1,212,214,210
CTRIA3,44,1,212,210,213
CTRIA3,45,1,213,208,211
CTRIA3,46,1,201,209,214
CTRIA3,47,1,214,202,210
CTRIA3,48,1,213,210,208
CTRIA3,49,1,207,213,211
CTRIA3,50,1,212,213,207


PARAM,TRIA6TYP,MITC6

$QUADRATIC1_T
CTRIA6,51,1,303,302,304,321,316,314
CTRIA6,52,1,303,305,307,319,318,324
CTRIA6,53,1,304,306,305,320,313,325
CTRIA6,54,1,306,302,308,322,310,317
CTRIA6,55,1,305,306,308,313,317,323
CTRIA6,56,1,301,302,303,309,321,315
CTRIA6,57,1,304,302,306,316,322,320
CTRIA6,58,1,305,308,307,323,311,318
CTRIA6,59,1,301,303,307,315,324,312
CTRIA6,60,1,303,304,305,314,325,319
$SPC1 LINEAR1
SPC1,1,12345,1
SPC1,1,12345,2
SPC1,1,12345,7
SPC1,1,12345,8

$SPC1 LINEAR2
SPC1,1,12345,401
SPC1,1,12345,402
SPC1,1,12345,407
SPC1,1,12345,408
SPC1,1,12345,409
SPC1,1,12345,410
SPC1,1,12345,411
SPC1,1,12345,412

$SPC1 QUADRATIC1
SPC1,1,12345,501
SPC1,1,12345,502
SPC1,1,12345,507
SPC1,1,12345,508
SPC1,1,12345,509
SPC1,1,12345,510
SPC1,1,12345,511
SPC1,1,12345,512


$SPC1 LINEAR1_T
SPC1,1,12345,101
SPC1,1,12345,102
SPC1,1,12345,107
SPC1,1,12345,108

$SPC1 LINEAR2_T
SPC1,1,12345,201
SPC1,1,12345,202
SPC1,1,12345,207
SPC1,1,12345,208
SPC1,1,12345,209
SPC1,1,12345,210
SPC1,1,12345,211
SPC1,1,12345,212

$SPC1 QUADRATIC1_T
SPC1,1,12345,301
SPC1,1,12345,302
SPC1,1,12345,307
SPC1,1,12345,308
SPC1,1,12345,309
SPC1,1,12345,310
SPC1,1,12345,311
SPC1,1,12345,312

$SPCD LINEAR1 CASE1
SPCD,1,2,1,6e-05
SPCD,1,2,2,0.00012
SPCD,1,7,1,0.00024
SPCD,1,7,2,0.00012
SPCD,1,8,1,0.0003
SPCD,1,8,2,0.00024

$SPCD LINEAR1_T CASE1
SPCD,1,102,1,6e-05
SPCD,1,102,2,0.00012
SPCD,1,107,1,0.00024
SPCD,1,107,2,0.00012
SPCD,1,108,1,0.0003
SPCD,1,108,2,0.00024

$SpCD LINEAR2 CASE1
SPCD,1,402,1,6e-05
SPCD,1,402,2,0.00012
SPCD,1,407,1,0.00024
SPCD,1,407,2,0.00012
SPCD,1,408,1,0.0003
SPCD,1,408,2,0.00024
SPCD,1,409,1,3e-05
SPCD,1,409,2,6e-05
SPCD,1,410,1,18e-05
SPCD,1,410,2,18e-05
SPCD,1,411,1,27e-05
SPCD,1,411,2,18e-05
SPCD,1,412,1,12e-05
SPCD,1,412,2,6e-05

$SpCD LINEAR2_T CASE1
SPCD,1,202,1,6e-05
SPCD,1,202,2,0.00012
SPCD,1,207,1,0.00024
SPCD,1,207,2,0.00012
SPCD,1,208,1,0.0003
SPCD,1,208,2,0.00024
SPCD,1,209,1,3e-05
SPCD,1,209,2,6e-05
SPCD,1,210,1,18e-05
SPCD,1,210,2,18e-05
SPCD,1,211,1,27e-05
SPCD,1,211,2,18e-05
SPCD,1,212,1,12e-05
SPCD,1,212,2,6e-05

$SpCD QUADR1 CASE1
SPCD,1,502,1,6e-05
SPCD,1,502,2,0.00012
SPCD,1,507,1,0.00024
SPCD,1,507,2,0.00012
SPCD,1,508,1,0.0003
SPCD,1,508,2,0.00024
SPCD,1,509,1,3e-05
SPCD,1,509,2,6e-05
SPCD,1,510,1,18e-05
SPCD,1,510,2,18e-05
SPCD,1,511,1,27e-05
SPCD,1,511,2,18e-05
SPCD,1,512,1,12e-05
SPCD,1,512,2,6e-05

$SpCD QUADR1_T CASE1
SPCD,1,302,1,6e-05
SPCD,1,302,2,0.00012
SPCD,1,307,1,0.00024
SPCD,1,307,2,0.00012
SPCD,1,308,1,0.0003
SPCD,1,308,2,0.00024
SPCD,1,309,1,3e-05
SPCD,1,309,2,6e-05
SPCD,1,310,1,18e-05
SPCD,1,310,2,18e-05
SPCD,1,311,1,27e-05
SPCD,1,311,2,18e-05
SPCD,1,312,1,12e-05
SPCD,1,312,2,6e-05


$SpCD LINEAR1 CASE2
SPCD,2,2,3,7.2e-06
SPCD,2,2,4,0.00012
SPCD,2,2,5,-6e-05
SPCD,2,7,3,2.88e-05
SPCD,2,7,4,0.00012
SPCD,2,7,5,-0.00024
SPCD,2,8,3,5.04e-05
SPCD,2,8,4,0.00024
SPCD,2,8,5,-0.0003


$SpCD LINEAR1_T CASE2
SPCD,2,102,3,7.2e-06
SPCD,2,102,4,0.00012
SPCD,2,102,5,-6e-05
SPCD,2,107,3,2.88e-05
SPCD,2,107,4,0.00012
SPCD,2,107,5,-0.00024
SPCD,2,108,3,5.04e-05
SPCD,2,108,4,0.00024
SPCD,2,108,5,-0.0003

$SpCD LINEAR2 CASE2
SPCD,2,402,3,7.2e-06
SPCD,2,402,4,0.00012
SPCD,2,402,5,-6e-05
SPCD,2,407,3,2.88e-05
SPCD,2,407,4,0.00012
SPCD,2,407,5,-0.00024
SPCD,2,408,3,5.04e-05
SPCD,2,408,4,0.00024
SPCD,2,408,5,-0.0003
SPCD,2,409,3,0.0000018
SPCD,2,409,4,0.00006
SPCD,2,409,5,-0.00003
SPCD,2,410,3,0.0000216
SPCD,2,410,4,0.00018
SPCD,2,410,5,-0.00018
SPCD,2,411,3,0.0000378
SPCD,2,411,4,0.00018
SPCD,2,411,5,-0.00027
SPCD,2,412,3,0.0000072
SPCD,2,412,4,0.00006
SPCD,2,412,5,-0.00012

$SpCD LINEAR2_T CASE2
SPCD,2,202,3,7.2e-06
SPCD,2,202,4,0.00012
SPCD,2,202,5,-6e-05
SPCD,2,207,3,2.88e-05
SPCD,2,207,4,0.00012
SPCD,2,207,5,-0.00024
SPCD,2,208,3,5.04e-05
SPCD,2,208,4,0.00024
SPCD,2,208,5,-0.0003
SPCD,2,209,3,0.0000018
SPCD,2,209,4,0.00006
SPCD,2,209,5,-0.00003
SPCD,2,210,3,0.0000216
SPCD,2,210,4,0.00018
SPCD,2,210,5,-0.00018
SPCD,2,211,3,0.0000378
SPCD,2,211,4,0.00018
SPCD,2,211,5,-0.00027
SPCD,2,212,3,0.0000072
SPCD,2,212,4,0.00006
SPCD,2,212,5,-0.00012



$SpCD QUADRATIC1 CASE2
SPCD,2,502,3,7.2e-06
SPCD,2,502,4,0.00012
SPCD,2,502,5,-6e-05
SPCD,2,507,3,2.88e-05
SPCD,2,507,4,0.00012
SPCD,2,507,5,-0.00024
SPCD,2,508,3,5.04e-05
SPCD,2,508,4,0.00024
SPCD,2,508,5,-0.0003
SPCD,2,509,3,0.0000018
SPCD,2,509,4,0.00006
SPCD,2,509,5,-0.00003
SPCD,2,510,3,0.0000216
SPCD,2,510,4,0.00018
SPCD,2,510,5,-0.00018
SPCD,2,511,3,0.0000378
SPCD,2,511,4,0.00018
SPCD,2,511,5,-0.00027
SPCD,2,512,3,0.0000072
SPCD,2,512,4,0.00006
SPCD,2,512,5,-0.00012

$SpCD QUADRATIC1_T CASE2
SPCD,2,302,3,7.2e-06
SPCD,2,302,4,0.00012
SPCD,2,302,5,-6e-05
SPCD,2,307,3,2.88e-05
SPCD,2,307,4,0.00012
SPCD,2,307,5,-0.00024
SPCD,2,308,3,5.04e-05
SPCD,2,308,4,0.00024
SPCD,2,308,5,-0.0003
SPCD,2,309,3,0.0000018
SPCD,2,309,4,0.00006
SPCD,2,309,5,-0.00003
SPCD,2,310,3,0.0000216
SPCD,2,310,4,0.00018
SPCD,2,310,5,-0.00018
SPCD,2,311,3,0.0000378
SPCD,2,311,4,0.00018
SPCD,2,311,5,-0.00027
SPCD,2,312,3,0.0000072
SPCD,2,312,4,0.00006
SPCD,2,312,5,-0.00012


ENDDATA
